2 0.0 0.0016846
3 0.0 0.001772
1 0.0 0.001807978947368421
2 0.0 0.0019035105263157893
3 0.0 0.0019087736842105262
4 0.0 0.001822957894736842
1 0.0 0.0021086789473684212
2 0.0 0.0020343684210526315
3 0.0 0.0019498210526315788
4 0.0 0.001987426315789474
1 0.0 0.0018528157894736842
2 0.0 0.0017862999999999998
3 0.0 0.0018637578947368419
4 0.0 0.0018739736842105258
1 0.0 0.0017584105263157893
2 0.0 0.0017707105263157898
3 0.0 0.001944121052631579
4 0.0 0.0019807105263157892
1 2.6159505263157903 0.002089731578947369
2 2.532738421052633 0.002166105263157895
3 1.8774500000000003 0.0021251526315789475
4 1.3339800000000002 0.0020999526315789475
1 2.5275326315789477 0.002105768421052632
2 1.77864 0.002124178947368421
3 1.4873978947368425 0.0021949578947368423
4 1.7370326315789473 0.0023942157894736847
1 1.3989878947368424 0.0020688421052631576
2 1.3157763157894733 0.0022942263157894735
3 1.2845699999999998 0.0021492894736842108
4 6.916920000000002 0.002199105263157895
