2 0.0 0.0018916
3 0.0 0.001671
1 0.0 0.0019169894736842101
2 0.0 0.001983031578947368
3 0.0 0.0018007842105263157
4 0.0 0.0018672052631578946
1 0.0 0.0019456947368421055
2 0.0 0.0018548052631578945
3 0.0 0.0018516000000000008
4 0.0 0.0018102526315789472
1 0.0 0.0019533736842105263
2 0.0 0.0017677842105263157
3 0.0 0.0018145736842105262
4 0.0 0.0018603052631578946
1 0.0 0.002028831578947369
2 0.0 0.002006742105263158
3 0.0 0.0019019473684210523
4 0.0 0.002033021052631579
1 2.043875789473684 0.002132552631578948
2 2.2935073684210523 0.0020962947368421054
3 2.1244799999999993 0.0022451999999999997
4 2.452127368421052 0.0021910315789473687
1 2.121886315789474 0.002783499999999999
2 2.184294736842106 0.0027992
3 2.329913684210526 0.0027366052631578944
4 6.916920000000002 0.0025996578947368424
1 7.853046315789473 0.002109194736842106
2 6.851912105263155 0.002110189473684211
3 2.5197300000000005 0.0020965368421052622
4 1.1935599999999997 0.002182857894736842
