2 0.0 0.001666
3 0.0 0.0017371
1 0.0 0.0024841315789473684
2 0.0 0.002109189473684211
3 0.0 0.002130357894736842
4 0.0 0.0019865631578947366
1 0.0 0.0018739842105263155
2 0.0 0.0017813315789473685
3 0.0 0.001987036842105263
4 0.0 0.0018364473684210527
1 0.0 0.0021297
2 0.0 0.001867715789473684
3 0.0 0.0018571684210526317
4 0.0 0.0018682105263157895
1 0.0 0.0023100526315789475
2 0.0 0.002068715789473684
3 0.0 0.0019071368421052632
4 0.0 0.0018686421052631578
1 1.6694199999999992 0.0020888210526315786
2 1.2845673684210526 0.0021290631578947364
3 2.025669999999999 0.002116884210526316
4 4.48039842105263 0.002136710526315789
1 3.1724231578947353 0.0025737157894736838
2 1.869648947368421 0.0023026157894736835
3 1.6408189473684216 0.0023484210526315795
4 2.223300000000001 0.0022458789473684213
1 5.692155789473684 0.0021712263157894736
2 8.508328421052626 0.0022452894736842105
3 1.1857599999999995 0.0021507105263157897
4 1.0765452631578947 0.0024204052631578953
